2731
1 3 2 
Tempo medio para n = 3: 600 microseconds

3200
1 4 3 2 
Tempo medio para n = 4: 1600 microseconds

3206
1 5 4 3 2 
Tempo medio para n = 5: 3500 microseconds

3296
1 5 4 3 6 2 
Tempo medio para n = 6: 6101 microseconds

3296
1 5 4 7 3 6 2 
Tempo medio para n = 7: 9602 microseconds

3519
1 2 6 3 7 4 5 8 
Tempo medio para n = 8: 14903 microseconds

3663
1 8 5 4 7 3 9 2 6 
Tempo medio para n = 9: 21004 microseconds

3808
1 10 8 5 4 7 3 9 2 6 
Tempo medio para n = 10: 31307 microseconds

3946
1 11 2 6 9 3 7 8 10 4 5 
Tempo medio para n = 11: 40609 microseconds

4243
1 12 8 10 6 9 2 11 3 7 4 5 
Tempo medio para n = 12: 51311 microseconds

4254
1 6 2 11 9 3 7 4 10 8 5 13 12 
Tempo medio para n = 13: 77117 microseconds

4640
1 12 2 6 11 9 14 3 7 4 5 8 10 13 
Tempo medio para n = 14: 69615 microseconds

4717
1 12 4 7 3 10 8 5 13 6 15 14 9 2 11 
Tempo medio para n = 15: 101422 microseconds

5058
1 5 10 6 14 15 9 2 11 16 8 7 3 4 13 12 
Tempo medio para n = 16: 114425 microseconds

5416
1 11 16 6 2 14 9 15 10 13 8 7 17 3 4 5 12 
Tempo medio para n = 17: 129629 microseconds

5590
1 16 13 12 5 4 10 8 7 3 17 9 18 2 14 15 6 11 
Tempo medio para n = 18: 174339 microseconds

5927
1 12 13 8 10 11 6 15 19 2 18 9 14 17 3 7 16 5 4 
Tempo medio para n = 19: 175339 microseconds

6047
1 12 5 13 8 7 4 10 11 19 2 14 9 15 6 18 3 17 16 20 
Tempo medio para n = 20: 212057 microseconds

6430
1 20 6 15 9 3 17 21 5 14 2 18 19 11 16 8 10 13 7 4 12 
Tempo medio para n = 21: 281556 microseconds

7009
1 12 5 13 3 17 22 7 2 18 11 9 19 15 6 14 20 16 21 4 8 10 
Tempo medio para n = 22: 303010 microseconds

6917
1 11 2 18 17 3 14 6 20 23 19 9 15 16 10 21 22 7 13 8 4 5 12 
Tempo medio para n = 23: 361382 microseconds

7305
1 13 6 23 2 18 19 11 9 14 16 20 15 10 8 5 12 4 22 7 17 3 21 24 
Tempo medio para n = 24: 365982 microseconds

8194
1 7 22 17 3 14 15 6 19 11 2 18 20 12 21 4 5 10 8 25 9 23 13 16 24 
Tempo medio para n = 25: 408791 microseconds

8574
1 8 5 13 20 16 6 18 23 17 2 19 14 7 22 11 15 9 3 4 25 26 10 21 12 24 
Tempo medio para n = 26: 420694 microseconds

7768
1 24 16 19 2 18 9 15 11 23 6 12 10 3 17 22 7 26 4 5 8 13 21 14 25 27 20 
Tempo medio para n = 27: 548823 microseconds

8990
1 24 14 6 15 8 26 4 9 11 18 2 23 19 28 27 13 17 3 22 7 21 10 25 5 16 12 20 
Tempo medio para n = 28: 539019 microseconds

9478
1 16 20 18 2 19 24 12 13 4 26 7 29 3 17 15 23 11 28 9 25 8 14 22 10 5 6 27 21 
Tempo medio para n = 29: 689695 microseconds

9528
1 2 30 11 14 9 18 23 20 19 28 27 21 15 4 8 25 26 17 3 29 22 7 6 16 5 13 10 24 12 
Tempo medio para n = 30: 1124051 microseconds

9763
1 5 26 15 3 17 22 7 4 25 20 16 27 19 11 12 13 6 23 14 31 28 2 30 18 9 29 10 8 21 24 
Tempo medio para n = 31: 768372 microseconds

9909
1 14 6 15 30 11 28 9 13 31 18 2 23 10 5 25 7 3 17 22 29 32 26 21 20 27 16 19 8 4 24 12 
Tempo medio para n = 32: 843753 microseconds

10220
1 29 32 25 5 13 31 20 6 11 19 30 23 18 28 15 2 9 33 17 14 22 7 3 8 4 26 10 12 24 16 27 21 
Tempo medio para n = 33: 937398 microseconds

10618
1 11 23 28 16 30 2 18 6 9 7 26 10 14 22 29 32 33 3 17 15 20 34 21 12 27 31 24 8 4 25 5 13 19 
Tempo medio para n = 34: 945311 microseconds

10436
1 17 29 33 7 32 3 22 6 34 27 35 2 19 14 16 31 8 4 25 26 5 13 21 10 20 11 12 15 9 23 30 18 28 24 
Tempo medio para n = 35: 1259282 microseconds

11556
1 14 9 6 31 27 20 21 12 16 11 23 18 34 28 35 2 5 25 4 17 7 29 22 3 33 32 26 13 24 19 30 36 15 10 8 
Tempo medio para n = 36: 1362254 microseconds

11345
1 12 24 13 8 15 9 18 2 10 20 28 23 30 19 35 34 5 4 25 21 26 27 16 33 3 17 36 6 31 29 32 22 7 37 14 11 
Tempo medio para n = 37: 1256281 microseconds

11566
1 22 7 33 32 29 8 4 25 5 10 38 13 17 3 9 36 27 31 26 21 23 15 35 34 28 37 16 19 20 11 2 14 6 30 18 24 12 
Tempo medio para n = 38: 1470195 microseconds

12737
1 24 30 18 11 20 6 37 35 2 23 28 7 5 17 32 33 29 15 9 36 19 34 16 26 4 39 10 27 38 14 31 21 8 22 25 3 13 12 
Tempo medio para n = 39: 1397621 microseconds

12831
1 24 20 19 2 23 11 37 28 30 15 9 5 8 25 13 39 12 34 16 31 29 32 22 3 7 6 40 14 36 18 27 4 38 21 10 35 33 17 26 
Tempo medio para n = 40: 1750750 microseconds

13248
1 11 37 35 40 30 19 34 14 28 15 13 21 8 32 33 36 29 10 20 31 41 9 23 2 18 3 17 16 27 6 7 12 39 5 25 22 26 4 24 38 
Tempo medio para n = 41: 1873306 microseconds

13802
1 23 35 11 40 9 36 17 25 22 33 29 26 7 8 16 28 34 19 30 2 18 32 6 10 4 39 20 12 42 3 5 38 21 15 14 41 37 24 31 27 13 
Tempo medio para n = 42: 1934940 microseconds

14470
1 39 33 29 22 15 23 18 31 7 9 26 21 32 3 14 35 41 19 30 11 2 40 36 6 8 17 42 25 43 10 5 13 38 24 27 20 16 34 37 28 12 4 
Tempo medio para n = 43: 2088836 microseconds

14635
1 32 3 29 42 33 22 4 43 36 44 24 5 38 12 20 8 39 17 25 26 7 41 19 35 37 11 18 2 14 6 15 16 10 27 21 13 9 23 30 28 31 40 34 
Tempo medio para n = 44: 2412067 microseconds

15181
1 12 23 36 3 17 9 34 21 13 44 43 8 7 4 39 45 19 11 40 6 20 24 28 27 10 33 32 42 29 25 22 16 41 2 18 30 37 5 15 35 14 26 38 31 
Tempo medio para n = 45: 2605106 microseconds

13565
1 20 37 19 2 30 18 9 15 35 40 21 7 26 44 39 12 14 41 23 16 28 11 6 45 46 25 22 17 33 32 42 34 27 38 43 10 29 3 36 8 24 31 4 5 13 
Tempo medio para n = 46: 2489567 microseconds

15412
1 20 24 47 4 39 13 27 46 31 38 32 42 22 29 41 26 7 25 43 40 19 37 34 23 35 2 6 45 21 30 11 18 15 12 44 10 8 5 17 16 36 33 3 9 14 28 
Tempo medio para n = 47: 3106552 microseconds

15321
1 38 5 8 31 36 25 44 28 18 40 23 2 6 11 20 30 37 19 35 15 13 29 7 3 14 9 48 46 41 45 4 39 43 22 32 16 34 21 27 17 42 33 10 26 47 24 12 
Tempo medio para n = 48: 3118920 microseconds

16003
1 21 37 31 5 47 39 49 13 19 15 36 29 25 7 46 48 26 28 2 40 18 30 23 43 14 3 17 33 42 8 27 35 6 45 16 41 11 9 34 20 38 10 44 22 32 4 24 12 
Tempo medio para n = 49: 2957345 microseconds

15597
1 12 20 37 11 30 32 33 23 36 27 38 46 16 45 28 18 2 35 40 19 15 48 29 34 24 13 39 43 49 47 44 26 22 3 17 42 4 5 25 8 7 6 9 41 14 50 31 21 10 
Tempo medio para n = 50: 2898932 microseconds

16514
1 20 12 39 49 4 5 8 7 25 10 36 9 46 19 2 30 24 21 13 42 3 29 50 32 51 44 43 47 33 22 28 41 38 16 27 34 18 26 48 45 17 14 35 15 40 23 11 37 6 31 
Tempo medio para n = 51: 3437914 microseconds

17217
1 12 20 11 35 46 37 34 23 30 40 25 47 43 26 22 32 31 52 15 4 51 7 10 29 45 6 48 2 18 44 5 38 21 13 50 28 24 39 33 3 42 36 14 17 9 41 16 19 27 49 8 
Tempo medio para n = 52: 3483097 microseconds

17946
1 34 46 45 52 10 47 49 5 25 26 53 32 33 7 17 50 4 21 24 12 28 18 19 43 27 31 39 44 14 11 2 40 37 13 38 16 51 8 36 3 22 48 29 42 23 9 30 35 6 41 20 15 
Tempo medio para n = 53: 3752681 microseconds

16969
1 42 37 31 39 9 45 46 20 35 50 41 6 48 44 34 16 19 23 2 54 30 11 28 18 40 15 36 7 4 22 8 13 43 25 38 21 10 27 51 14 17 32 33 3 29 53 52 26 49 24 12 5 47 
Tempo medio para n = 54: 4925019 microseconds

18126
1 38 13 9 35 50 6 48 54 11 52 31 19 37 27 34 16 12 41 49 8 44 3 42 18 2 14 23 17 33 51 32 22 29 26 47 36 20 40 28 30 15 45 53 21 10 4 25 43 46 7 39 5 55 24 
Tempo medio para n = 55: 4845263 microseconds

18746
1 53 29 54 35 37 27 44 38 36 15 56 50 10 45 52 17 32 3 33 7 34 20 16 4 5 55 49 21 12 8 22 42 25 31 48 26 47 43 13 46 6 28 24 41 30 11 40 14 18 19 2 23 51 9 39 
Tempo medio para n = 56: 4476917 microseconds

19182
1 27 39 43 25 29 42 9 40 2 6 32 7 47 4 49 57 35 53 54 36 22 44 38 21 12 51 8 55 20 16 37 19 18 46 17 33 10 45 52 41 30 23 48 50 31 34 13 26 11 28 15 56 14 3 5 24 
Tempo medio para n = 57: 5450090 microseconds

18141
1 39 47 5 55 33 32 43 42 58 29 17 3 56 14 23 51 27 16 36 8 38 30 2 28 11 40 41 9 24 19 57 54 15 18 35 20 37 46 45 48 34 12 6 4 25 44 26 10 49 22 53 7 50 52 31 13 21 
Tempo medio para n = 58: 5425494 microseconds

20135
1 49 25 39 55 3 45 17 22 58 29 59 19 2 57 21 8 38 24 13 6 40 18 12 20 41 36 42 23 35 52 16 51 10 26 4 43 47 5 53 7 31 50 9 54 14 30 46 27 11 28 44 48 15 56 33 32 34 37 
Tempo medio para n = 59: 4776561 microseconds

20905
1 12 56 31 21 11 2 40 23 30 14 42 38 13 25 7 10 41 51 16 18 60 15 46 54 6 20 19 50 22 58 32 17 59 45 55 43 34 28 9 33 53 26 3 48 44 37 29 49 5 4 47 8 39 27 52 36 35 57 24 
Tempo medio para n = 60: 5855923 microseconds

20962
1 24 52 16 19 28 40 46 54 50 17 36 42 21 8 51 55 4 53 10 35 20 3 32 22 58 41 29 33 7 56 15 59 43 61 31 38 30 14 34 13 44 26 11 60 2 18 45 37 57 6 23 9 48 39 12 27 25 49 47 5 
Tempo medio para n = 61: 7088100 microseconds

21217
1 13 39 33 43 53 17 22 59 38 21 36 58 42 7 62 12 55 44 19 37 28 11 20 35 6 51 25 47 46 52 57 30 23 60 15 56 32 29 4 45 31 5 48 18 9 2 27 41 54 34 40 50 3 8 49 61 26 16 14 10 24 
Tempo medio para n = 62: 7330181 microseconds

21787
1 57 35 45 61 25 33 43 55 10 52 59 4 7 32 42 17 22 14 8 23 11 28 60 54 9 40 62 31 29 36 6 38 46 50 48 30 2 58 3 53 26 12 24 19 37 13 5 44 63 51 56 15 18 34 41 39 47 49 21 20 16 27 
Tempo medio para n = 63: 7430726 microseconds

20384
1 13 49 60 2 15 16 52 54 20 6 45 9 28 11 18 40 19 30 57 44 21 39 62 24 46 37 7 25 32 22 51 42 58 64 3 17 26 43 61 4 47 59 53 27 48 56 29 63 8 10 41 35 14 31 23 5 55 12 38 33 36 50 34 
Tempo medio para n = 64: 6660603 microseconds

22349
1 58 33 22 29 39 38 21 12 24 64 26 43 61 25 47 32 42 48 54 46 36 45 50 14 52 65 13 30 60 34 23 19 18 35 31 41 9 56 20 49 5 62 63 16 7 10 27 55 59 8 51 11 57 44 6 15 2 40 17 3 4 53 28 37 
Tempo medio para n = 65: 8407944 microseconds

22539
1 65 27 49 24 12 63 55 13 57 30 2 35 19 41 34 44 32 33 7 53 29 42 26 64 15 6 54 9 40 60 11 66 5 8 37 61 47 21 62 28 18 23 16 59 58 3 52 48 36 51 20 56 50 17 4 39 38 25 31 14 22 45 43 10 46 
Tempo medio para n = 66: 8328970 microseconds

24085
1 24 53 50 37 62 65 63 13 27 16 48 46 57 32 33 59 26 7 39 8 49 38 29 17 54 14 52 4 55 25 61 45 15 20 67 60 23 19 34 42 58 47 10 12 11 51 6 36 28 2 18 9 5 43 66 44 41 56 22 3 64 21 31 40 35 30 
Tempo medio para n = 67: 7234127 microseconds

24188
1 45 48 6 54 41 23 46 9 50 31 47 8 51 26 43 49 12 60 62 37 19 53 29 59 22 27 63 7 61 25 33 44 38 36 15 35 2 11 34 18 56 17 57 67 4 55 21 66 24 65 20 40 30 68 28 5 39 42 64 32 58 52 14 3 10 16 13 
Tempo medio para n = 68: 10639779 microseconds

24514
1 30 37 65 16 20 54 4 31 27 46 59 56 52 45 33 17 3 58 43 25 68 38 60 15 2 18 23 7 42 32 22 5 35 40 6 9 13 21 11 34 24 39 41 14 69 49 12 63 55 67 57 48 26 53 29 47 64 50 36 19 28 66 8 44 61 51 10 62 
Tempo medio para n = 69: 9740435 microseconds

24484
1 37 63 20 59 16 27 40 44 8 55 39 66 33 60 19 41 18 30 46 36 32 70 50 26 43 58 17 42 3 31 65 62 38 13 69 4 47 29 53 22 7 64 6 54 21 61 67 5 52 45 49 2 35 48 57 10 51 25 56 14 15 9 68 11 12 24 28 23 34 
Tempo medio para n = 70: 13231559 microseconds

24576
1 62 14 48 45 49 47 55 39 24 67 21 63 20 65 60 7 59 43 40 17 68 56 52 71 26 22 13 44 66 41 16 30 18 2 3 36 25 38 51 53 50 15 11 23 28 6 54 35 4 61 32 29 42 33 10 70 34 31 8 57 19 37 46 9 64 27 69 5 58 12 
Tempo medio para n = 71: 11329069 microseconds

25284
1 39 21 47 55 66 69 67 38 16 5 40 11 37 71 62 63 61 10 54 14 68 9 12 35 57 2 46 65 60 19 23 15 34 13 56 4 27 70 20 44 28 48 45 8 24 31 29 7 53 3 43 33 58 42 32 64 51 50 30 18 41 6 49 17 36 26 25 22 59 72 52 
Tempo medio para n = 72: 11202328 microseconds

25161
1 70 18 30 16 21 41 54 6 28 40 2 37 48 67 63 62 65 71 31 8 27 69 9 45 68 46 57 60 11 35 33 42 50 58 64 22 32 43 59 52 5 39 56 3 15 24 51 61 73 72 19 14 29 36 20 34 23 38 10 17 53 4 47 55 13 44 12 25 66 26 49 7 
Tempo medio para n = 73: 11066040 microseconds

26690
1 30 6 71 33 41 21 62 65 18 58 29 51 49 5 39 66 7 43 31 68 54 59 32 17 9 45 46 61 47 55 34 19 2 57 22 52 10 60 44 69 8 20 23 37 28 72 15 35 48 36 73 74 14 50 53 3 56 27 67 16 40 70 11 64 13 38 4 25 42 26 24 63 12 
Tempo medio para n = 74: 11570027 microseconds

27244
1 59 71 21 63 4 43 20 66 39 75 6 33 42 56 47 61 26 10 49 64 17 29 53 27 57 25 68 8 31 73 3 32 22 14 70 24 5 72 52 36 65 50 58 23 37 46 34 16 41 48 74 35 30 11 60 40 28 2 18 19 51 69 38 62 55 44 13 9 15 45 54 7 67 12 
Tempo medio para n = 75: 12372765 microseconds

27437
1 8 58 73 42 12 67 38 21 10 43 47 4 46 45 26 66 39 13 75 72 29 61 55 15 3 64 17 33 16 27 54 50 14 31 65 24 6 60 19 51 7 22 56 32 18 36 62 44 71 63 69 70 68 30 35 41 34 74 52 48 53 59 37 20 5 49 11 57 9 25 76 40 23 2 28 
Tempo medio para n = 76: 12551717 microseconds

28128
1 74 34 69 38 66 26 55 4 39 16 10 42 32 41 20 71 45 52 36 29 3 64 17 19 30 46 61 59 25 27 75 31 51 54 13 58 77 56 57 60 37 28 50 23 2 15 35 22 53 72 7 24 12 43 47 5 67 62 11 18 6 14 40 8 48 9 68 49 21 76 73 44 33 70 63 65 
Tempo medio para n = 77: 14841219 microseconds

28661
1 24 9 74 70 76 22 42 59 47 49 25 45 73 58 32 43 13 71 51 54 61 55 52 40 14 30 6 56 68 72 4 5 10 3 60 18 19 35 28 77 36 48 20 31 41 65 23 37 11 50 63 26 2 57 67 75 34 7 53 64 33 8 21 15 46 29 17 69 16 38 27 12 39 66 78 44 62 
Tempo medio para n = 78: 14065905 microseconds

28529
1 27 8 49 36 15 68 64 17 58 29 22 56 23 14 52 75 37 70 45 54 63 32 42 11 28 16 5 65 74 19 18 61 25 53 6 44 76 43 40 24 12 38 41 13 66 4 47 55 39 35 48 7 20 69 2 77 57 71 62 67 72 33 26 59 73 3 31 30 60 34 46 78 21 10 51 50 9 79 
Tempo medio para n = 79: 17414726 microseconds

27402
1 65 62 31 67 24 78 16 63 8 38 12 21 69 28 71 44 66 55 68 45 14 37 30 15 6 11 74 56 3 32 73 17 61 13 41 79 80 72 33 53 47 39 4 7 51 58 29 5 2 60 57 26 34 27 10 64 52 54 48 35 23 77 70 46 75 43 22 59 76 25 50 42 9 49 36 18 40 19 20 
Tempo medio para n = 80: 13697611 microseconds

28498
1 63 79 48 69 35 16 78 65 75 52 44 21 61 24 20 36 46 68 77 80 41 11 18 53 59 30 23 28 2 31 8 27 71 62 58 17 73 33 13 76 49 5 51 47 4 56 72 43 42 9 14 70 34 26 7 64 29 50 54 38 10 37 57 74 15 6 45 40 60 19 81 22 32 25 66 39 67 12 3 55 
Tempo medio para n = 81: 18349369 microseconds

29347
1 78 71 24 70 30 9 15 40 18 23 14 73 56 47 61 8 28 20 63 69 67 62 80 79 65 74 82 13 75 4 43 59 72 33 17 57 41 48 27 55 32 29 10 49 44 31 37 5 39 22 21 34 16 11 12 50 64 68 42 53 7 3 51 19 6 77 2 60 35 38 54 81 58 26 76 66 52 36 45 46 25 
Tempo medio para n = 82: 16964151 microseconds

30055
1 43 58 25 76 26 68 32 59 21 63 69 13 38 81 11 19 41 2 8 3 37 57 75 65 62 31 28 42 53 72 45 80 34 70 4 5 47 7 54 29 60 36 46 9 48 77 50 22 78 55 49 44 79 16 30 23 35 15 56 73 64 40 18 20 61 83 39 12 71 74 14 52 6 33 51 66 10 24 82 17 27 67 
Tempo medio para n = 83: 19507171 microseconds

29877
1 49 47 4 36 53 32 42 37 14 23 30 9 46 48 40 60 33 74 27 67 69 78 8 41 38 83 66 11 71 24 62 72 25 76 43 61 58 29 59 17 54 10 79 56 44 20 63 6 64 52 2 22 5 39 51 13 12 55 31 45 84 68 73 3 50 77 18 35 19 7 28 16 82 26 21 81 80 15 57 65 75 70 34 
Tempo medio para n = 84: 17395418 microseconds

30178
1 67 53 22 6 18 23 30 60 28 20 32 41 74 85 48 68 17 46 9 35 40 19 80 13 12 61 57 16 37 2 51 45 63 39 66 8 76 43 7 58 84 14 54 21 5 55 62 34 24 70 15 33 3 73 77 81 25 79 75 11 72 27 49 10 59 56 50 52 26 47 83 29 31 42 64 36 69 71 65 82 38 4 78 44 
Tempo medio para n = 85: 17621812 microseconds

31327
1 76 61 82 79 3 33 53 8 21 27 51 48 84 15 9 18 30 37 57 2 35 54 10 66 43 31 11 80 41 69 19 81 17 42 40 14 70 75 12 65 60 71 24 20 86 68 77 58 45 49 38 36 34 29 59 22 46 47 4 16 78 67 62 28 63 5 25 39 55 7 56 72 44 52 73 32 50 26 13 83 64 6 74 85 23 
Tempo medio para n = 86: 26972437 microseconds

32002
1 23 77 14 34 26 7 53 54 37 80 60 18 28 48 84 45 11 70 20 59 61 76 5 83 31 4 25 55 63 69 6 9 40 36 87 67 62 66 78 56 64 86 17 72 58 27 82 19 35 2 65 12 24 44 71 8 52 42 33 3 68 21 41 30 16 57 38 43 49 13 39 29 73 32 10 47 74 75 22 50 46 15 79 85 51 81 
Tempo medio para n = 87: 20308639 microseconds

31801
1 10 8 78 75 12 44 27 65 5 25 67 70 31 63 79 69 17 86 38 55 20 34 28 61 39 83 48 32 22 7 73 68 9 11 77 35 36 87 41 30 37 88 66 13 62 21 6 19 15 51 82 45 14 71 76 47 4 49 59 42 16 33 54 72 3 60 23 40 2 57 81 18 64 74 80 46 56 85 53 52 29 58 43 26 84 50 24 
Tempo medio para n = 88: 23358533 microseconds

31877
1 10 26 61 76 25 58 52 51 20 36 86 85 30 48 81 32 3 17 68 87 15 70 37 80 44 40 53 31 45 42 73 89 33 7 84 57 23 18 14 46 16 69 77 54 88 39 4 56 83 9 27 47 49 66 38 5 71 13 79 78 24 12 43 63 62 11 28 50 34 72 82 41 60 2 8 22 59 75 65 74 21 29 64 6 35 19 55 67 
Tempo medio para n = 89: 21047116 microseconds

32825
1 39 69 80 28 49 55 66 79 8 4 47 44 10 20 85 60 30 23 71 75 41 15 17 57 37 36 46 48 72 56 29 87 86 21 26 25 12 61 40 54 16 31 65 50 52 81 11 68 77 18 6 58 73 51 38 70 34 22 74 82 53 88 13 35 84 89 42 32 76 83 5 43 24 63 67 33 45 59 7 90 19 27 62 64 3 14 2 9 78 
Tempo medio para n = 90: 19126498 microseconds

32170
1 11 20 75 66 61 13 38 50 56 74 25 4 83 76 32 53 49 55 39 5 69 63 78 79 59 7 3 36 26 42 67 47 29 51 90 43 19 84 87 77 71 9 35 70 81 45 40 46 64 91 15 68 6 89 8 28 57 34 85 48 60 23 18 17 58 82 88 62 37 10 22 33 86 24 54 16 14 52 72 80 27 73 41 2 30 31 44 21 12 65 
Tempo medio para n = 91: 27912016 microseconds

33337
1 66 39 29 33 61 3 87 89 59 36 50 45 72 15 18 40 46 86 91 64 58 7 13 8 76 42 12 26 32 22 44 88 47 4 43 10 24 16 84 17 28 27 38 41 48 20 25 34 80 92 62 67 83 5 49 21 82 9 74 63 85 79 75 78 55 69 56 52 68 73 54 23 30 19 71 35 14 60 57 31 90 11 6 70 2 51 65 77 53 81 37 
Tempo medio para n = 92: 35010883 microseconds

33549
1 61 86 17 6 45 68 72 63 14 64 30 19 11 57 18 73 22 32 69 49 40 13 44 21 62 16 71 47 79 92 93 88 27 65 75 20 60 85 10 8 56 42 82 37 2 23 70 43 4 53 51 66 26 41 78 24 38 90 59 46 35 15 34 54 80 50 58 89 33 48 77 28 9 29 3 87 84 91 52 31 39 67 7 36 74 81 12 76 25 83 5 55 
Tempo medio para n = 93: 27839205 microseconds

33332
1 57 77 23 11 14 37 35 16 75 26 29 76 25 58 41 67 24 12 69 66 55 27 90 49 78 62 79 80 88 51 19 74 15 56 82 73 8 44 5 4 43 47 10 61 52 50 22 53 42 70 9 60 39 83 31 21 63 46 48 45 85 30 28 17 81 72 6 94 13 84 40 91 64 86 33 87 89 59 38 93 2 54 68 34 18 36 3 71 65 20 7 32 92 
Tempo medio para n = 94: 36185871 microseconds

33774
1 55 83 90 75 57 28 94 95 37 49 31 21 88 41 79 25 53 48 46 81 45 32 33 85 11 2 10 5 13 80 93 70 74 89 42 29 59 8 44 64 4 47 18 71 67 61 23 54 7 76 27 26 39 66 65 12 43 92 78 24 68 38 34 16 20 91 19 60 35 6 9 87 36 63 51 50 15 40 82 14 22 52 86 73 58 84 17 77 30 56 3 72 69 62 
Tempo medio para n = 95: 33637848 microseconds

35303
1 62 75 12 92 2 42 53 85 78 69 81 35 56 73 77 86 47 14 48 65 27 44 4 88 94 76 7 51 72 9 68 84 82 46 52 50 15 3 63 10 37 34 21 39 26 43 55 83 13 6 70 80 64 17 58 61 66 67 11 24 20 90 8 25 32 87 41 33 22 49 79 89 91 36 95 18 38 59 5 93 19 54 23 40 29 71 57 74 60 28 30 45 31 16 96 
Tempo medio para n = 96: 27130751 microseconds

35709
1 67 4 91 29 40 30 93 57 28 37 77 52 14 24 69 44 25 8 60 70 75 92 9 58 34 2 36 42 46 64 59 76 32 33 22 43 47 23 35 19 78 97 16 7 39 48 11 80 72 51 85 81 96 95 41 38 18 74 15 50 84 21 17 61 53 88 20 6 45 31 79 54 63 12 49 94 71 89 73 82 3 26 90 83 66 55 65 10 27 68 87 56 13 86 5 62 
Tempo medio para n = 97: 28184549 microseconds

36169
1 54 61 76 22 25 66 5 59 12 94 71 27 63 75 62 39 8 97 10 79 42 17 7 47 4 98 55 69 13 91 3 72 81 30 78 88 19 60 40 52 70 2 56 14 68 90 73 84 29 15 49 6 93 36 51 32 58 43 11 9 86 57 35 24 37 46 77 92 96 31 45 74 64 89 48 23 50 87 44 16 65 82 53 33 80 18 85 67 83 38 21 34 95 41 26 20 28 
Tempo medio para n = 98: 34753547 microseconds

36401
1 72 84 36 91 64 51 90 66 76 43 22 4 7 73 31 35 60 58 61 9 68 56 30 85 39 46 15 26 5 41 37 54 81 24 97 98 47 48 8 55 10 13 89 3 50 87 32 33 99 21 38 44 82 2 6 52 45 23 18 40 59 11 74 77 70 34 16 80 28 88 19 49 69 53 86 42 17 75 92 57 14 93 29 63 25 83 62 65 94 78 71 27 79 67 12 96 95 20 
Tempo medio para n = 99: 37155901 microseconds

35304
1 55 39 67 97 22 47 61 25 32 83 44 30 100 36 16 17 50 31 85 24 88 96 70 89 59 8 49 90 33 58 42 87 64 51 66 71 12 86 38 28 92 65 75 20 63 37 23 60 74 52 14 77 54 6 99 40 2 95 19 68 84 46 79 13 5 93 41 81 72 9 48 11 35 34 10 26 7 82 91 3 73 76 29 56 53 27 43 69 15 98 94 80 18 57 45 78 21 4 62 
Tempo medio para n = 100: 38918153 microseconds

